17.9
18.5
18.6
19.1
18.3
18.4
19
19
18.1
17.6
18.2
18.3
18.2
17.8
18.2
18.3
18.2
18.5
18.2
19
18.7
18.5
18.1
18.8
18.5
19
18
17.7
18.2
18.8
18.1
17.6
18.1
18.2
18.7
17.8
18.2
18.4
18.8
18.3
18.6
18.4
18.9
18.2
17.8
18.6
18.9
18.2
17.6
18.5
18.3
18.5
17.8
17.8
17.9
18.7
18.1
18.2
18.5
19.1
18.2
18.3
18.4
19.2
17.9
18
18.5
19
18.1
17.8
18.3
18.2
18.5
17.5
18.1
18.2
18.9
17.7
18.2
18.4
19.5
18.1
18.4
18.8
19.2
18.4
17.9
18.4
18.3
18.5
17.5
18.2
17.7
18.7
18
17.9
18
18.5
18.4
18
18.6
18.8
19
18
18.7
18.9
19.1
18
17.5
18.4
18.4
18.3
17.6
18.1
17.8
18.6
17.9
18.3
18.5
18.8
18.3
18.4
18.2
18.3
18.6
19.1
18.1
18.2
18.8
19
17.9
18
18
18.6
18.2
18
17.9
17.8
18.6
17.7
18.5
18.3
19.1
18
18.3
18.4
19.3
17.9
18.3
18.5
19.1
18.5
17.7
17.9
18.4
18.7
17.8
18.2
17.4
18.9
18.2
17.9
18.3
19.1
18.4
18.1
18.7
18.6
19.1
18.1
18.1
18.4
19.1
17.8
17.6
18.6
18.3
18.6
17.5
18
17.9
18.9
18
18.5
18.6
19.2
18.3
18.3
18.6
18.9
18.2
18.3
